sample	phenotype	SNP1	SNP2	SNP3	SNP4
1	0.418887084275996	1	2	0	0
2	0.164331610612626	1	1	0	1
3	-0.16188253945046	0	1	1	2
4	0.202026215103457	1	1	1	1
5	-0.291289304418725	0	0	0	1
6	-0.0923914336694626	0	0	0	2
7	-0.0260531425220626	0	0	0	1
8	0.0733633564351793	0	1	1	1
9	1.28477310534819	1	2	1	0
10	0.461145181602327	1	1	0	0
11	0.281716950939646	0	1	0	0
12	0.417696926237299	1	0	1	1
13	-0.234711444106481	0	0	0	1
14	0.66433412861865	1	2	0	1
15	0.31534851387767	2	1	0	1
16	-0.00516807290778942	1	0	1	0
17	0.190276489762962	0	0	0	1
18	0.500608800760332	1	0	0	1
19	0.0393901291913531	0	2	1	0
20	0.568069496639815	2	1	1	1
21	0.417284871587027	2	2	0	0
22	0.376495626983878	1	2	0	1
23	-0.00194695523253312	0	1	0	1
24	0.117637192091688	1	1	0	2
25	0.34041792374291	2	2	0	0
26	-0.350153935146596	0	1	0	0
27	0.526749421047777	0	0	1	0
28	1.06077992693149	1	1	0	0
29	-0.378826379021484	0	0	0	2
30	0.724241859652483	0	0	1	2
31	0.998484813253324	1	1	0	0
32	1.26084898114483	1	1	0	0
33	-0.661834906538889	0	0	0	1
34	0.526264024159758	0	1	0	0
35	0.595350550530746	1	1	0	2
36	0.636310979289656	0	1	1	1
37	0.806991090914656	1	0	0	2
38	0.691827175570066	1	1	0	0
39	0.414417623289084	0	1	0	1
40	0.63500760367216	1	0	0	1
41	0.801856909021414	1	1	0	1
42	-1.04266395779624	0	0	0	0
43	-0.284219908793955	1	1	0	1
44	0.406052840427059	1	0	0	0
45	0.660655002591272	0	0	2	2
46	0.296771198734328	0	0	0	0
47	0.991395156752353	2	1	0	0
48	-0.522545158788841	0	1	0	1
49	-0.61098918476389	0	0	0	2
50	-0.593670150564695	0	0	1	2
51	0.070220256836643	0	0	1	0
52	-0.358004392112152	0	1	0	1
53	1.43117081338809	2	0	0	2
54	0.0935848620764201	1	1	0	1
55	0.957237378025265	1	1	0	1
56	1.42441365325785	1	1	1	0
57	1.22455961660424	1	1	1	0
58	-0.425839792003939	0	1	0	2
59	-0.302068446499818	0	0	0	0
60	-0.505004569568841	0	1	0	2
61	0.545045475150351	1	1	0	1
62	-0.269528505323232	0	0	2	0
63	0.0183962613369969	1	0	0	0
64	0.100967035370242	0	1	0	1
65	0.995032348090006	1	0	1	0
66	1.01892264944946	1	1	2	2
67	1.0277336959461	0	0	1	1
68	0.309398532985095	1	2	1	0
69	0.582337587144473	0	0	0	1
70	-0.243822277850608	0	2	0	0
71	-0.369338661263392	0	0	0	0
72	-0.369897574958666	0	0	0	0
73	1.03035422183287	1	0	0	1
74	0.800727760446207	1	0	1	0
75	0.167282300222746	0	1	0	1
76	-0.975307631382219	0	2	0	1
77	0.192554183134373	0	0	1	0
78	0.360732361925238	1	0	0	1
79	0.850242944349841	1	1	0	1
80	-0.287407527653311	0	1	0	1
81	-0.00423301704131412	0	1	2	2
82	0.830831383544077	0	0	1	2
83	-1.17019993844435	0	0	0	0
84	0.122484548688958	0	0	1	1
85	-0.516729846503552	0	0	0	0
86	-0.450316198340411	1	1	0	2
87	0.629366281978956	1	2	0	1
88	-0.367654762377106	0	1	1	0
89	-0.110970730560609	0	1	0	1
90	-0.382336787147078	1	2	0	1
91	0.43449413085791	0	0	0	1
92	-0.29204941858261	0	1	0	1
93	0.268045645309608	1	2	0	1
94	0.722829612585704	1	0	0	0
95	-0.277744721521044	0	1	0	0
96	0.159675373512454	0	1	0	1
97	-0.851738047680362	0	1	0	0
98	0.817445499821019	0	1	0	2
99	0.496454151435839	0	1	0	2
100	-0.522233961941673	0	2	0	0
101	0.418887084275996	1	0	0	0
102	-0.235668389387374	0	0	0	1
103	0.23811746054954	1	1	1	1
104	0.402026215103457	2	2	0	1
105	-0.291289304418725	0	1	0	0
106	-0.0923914336694626	0	0	0	1
107	0.373946857477937	1	0	0	1
108	-0.126636643564821	0	0	0	0
109	1.08477310534819	0	1	2	1
110	0.0611451816023265	0	0	0	2
111	1.28171695093965	2	1	1	1
112	0.217696926237299	0	1	2	2
113	-0.234711444106481	0	1	0	0
114	0.26433412861865	0	0	0	1
115	0.51534851387767	2	0	1	2
116	-0.60516807290779	0	1	0	0
117	0.190276489762962	0	0	0	1
118	0.700608800760332	1	1	1	0
119	0.639390129191353	2	1	0	2
120	0.168069496639815	1	2	1	1
121	0.217284871587027	1	1	1	0
122	-0.0235043730161216	0	1	0	2
123	0.398053044767467	1	1	0	2
124	0.117637192091688	1	0	0	0
125	0.14041792374291	1	1	1	0
126	-0.350153935146596	0	0	0	1
127	0.326749421047777	0	0	0	2
128	1.06077992693149	1	0	0	1
129	0.0211736209785159	1	0	0	0
130	0.524241859652483	0	1	0	0
131	0.998484813253324	1	1	0	1
132	0.860848981144828	0	1	0	1
133	-0.061834906538889	1	1	1	1
134	0.526264024159758	0	1	0	1
135	0.195350550530746	0	0	0	1
136	0.836310979289656	1	2	0	0
137	0.806991090914656	1	0	0	0
138	0.291827175570066	0	0	0	0
139	0.414417623289084	0	1	0	1
140	1.03500760367216	2	2	0	2
141	0.801856909021414	1	0	0	1
142	-0.442663957796237	1	1	1	1
143	0.315780091206045	2	2	1	1
144	0.606052840427059	1	1	1	0
145	0.260655002591272	0	1	0	1
146	1.09677119873433	2	0	0	1
147	0.191395156752353	0	0	0	0
148	0.0774548412111595	1	2	1	1
149	-0.61098918476389	0	0	0	0
150	0.00632984943530479	2	0	0	0
151	0.070220256836643	0	2	1	1
152	-0.358004392112152	0	1	0	0
153	0.631170813388093	0	0	0	0
154	0.0935848620764201	1	0	0	2
155	0.557237378025265	0	2	0	1
156	1.02441365325785	0	1	1	1
157	0.624559616604235	0	0	0	1
158	0.374160207996061	2	0	0	1
159	-0.102068446499818	0	0	1	1
160	-0.105004569568841	1	0	0	1
161	0.345045475150351	0	1	1	1
162	-0.269528505323232	1	1	0	0
163	0.0183962613369969	1	0	0	1
164	0.300967035370242	0	1	1	0
165	0.995032348090006	1	2	1	2
166	0.61892264944946	1	2	0	1
167	1.2277336959461	1	2	0	1
168	0.109398532985095	1	1	0	1
169	0.582337587144473	0	1	0	0
170	0.156177722149392	1	0	0	0
171	-0.369338661263392	0	1	0	1
172	0.230102425041334	1	0	1	0
173	0.830354221832871	0	1	1	0
174	0.600727760446207	1	1	0	0
175	0.167282300222746	0	0	0	2
176	-0.575307631382219	1	0	0	0
177	0.392554183134373	1	1	0	0
178	0.360732361925238	1	1	0	0
179	0.850242944349841	0	0	2	2
180	-0.287407527653311	0	1	0	1
181	-0.00423301704131412	1	1	0	0
182	0.630831383544077	0	1	0	1
183	-0.770199938444345	1	1	0	1
184	0.522484548688958	1	1	1	2
185	-0.516729846503552	0	0	0	0
186	-0.250316198340411	1	1	1	1
187	0.429366281978956	0	1	1	1
188	-0.567654762377106	0	1	0	0
189	-0.110970730560609	0	0	0	0
190	-0.782336787147078	0	1	0	1
191	0.83449413085791	1	0	0	1
192	-0.0920494185826103	0	1	1	2
193	0.0680456453096082	0	0	1	1
194	0.322829612585704	0	2	0	2
195	-0.277744721521044	0	1	0	2
196	0.159675373512454	0	0	0	1
197	-0.451738047680362	1	2	0	2
198	1.21744549982102	1	0	0	2
199	0.896454151435839	1	0	0	2
200	0.0777660380583272	1	2	1	1
201	0.0188870842759959	0	2	0	0
202	0.164331610612626	1	1	0	0
203	0.23811746054954	1	2	1	1
204	-0.197973784896543	0	0	1	1
205	0.108710695581275	1	1	0	1
206	-0.0923914336694626	0	1	0	0
207	0.573946857477937	1	2	1	1
208	-0.126636643564821	0	1	0	1
209	0.884773105348192	0	1	1	1
210	0.461145181602327	1	0	0	0
211	0.681716950939646	1	0	0	1
212	-0.182303073762701	0	1	0	1
213	-0.234711444106481	0	0	0	1
214	0.46433412861865	0	2	1	1
215	0.51534851387767	2	0	1	2
216	-0.60516807290779	0	0	0	2
217	0.190276489762962	0	2	0	2
218	0.500608800760332	1	0	0	1
219	0.439390129191353	1	1	1	2
220	-0.431930503360185	0	0	0	0
221	0.0172848715870271	1	0	0	0
222	0.376495626983878	1	0	0	1
223	0.398053044767467	1	2	0	1
224	-0.0823628079083123	0	1	1	1
225	-0.0595820762570901	1	1	0	1
226	-0.350153935146596	0	0	0	0
227	0.726749421047777	1	0	0	0
228	1.06077992693149	1	1	0	1
229	-0.378826379021484	0	1	0	2
230	1.12424185965248	1	2	1	0
231	0.998484813253324	1	2	0	0
232	0.860848981144828	0	0	0	1
233	-0.261834906538889	1	0	0	2
234	0.526264024159758	0	0	0	2
235	0.595350550530746	1	1	0	1
236	0.436310979289656	0	1	0	0
237	0.806991090914656	1	0	0	1
238	0.291827175570066	0	2	0	1
239	0.414417623289084	0	1	0	1
240	0.23500760367216	0	1	0	0
241	1.20185690902141	2	1	0	1
242	-1.04266395779624	0	2	0	2
243	-0.484219908793955	0	1	1	2
244	0.00605284042705857	0	2	0	1
245	1.06065500259127	2	0	0	1
246	0.296771198734328	0	0	0	1
247	0.191395156752353	0	1	0	0
248	-0.122545158788841	1	1	0	1
249	-0.21098918476389	1	1	0	0
250	-0.593670150564695	0	0	1	1
251	0.270220256836643	1	1	0	0
252	0.041995607887848	1	0	0	2
253	0.831170813388093	0	0	1	1
254	-0.30641513792358	0	1	0	1
255	0.557237378025265	0	2	0	1
256	1.42441365325785	1	2	1	2
257	0.624559616604235	0	2	0	1
258	-0.0258397920039389	1	1	0	0
259	-0.302068446499818	0	1	0	1
260	-0.505004569568841	0	0	0	0
261	0.145045475150351	0	2	0	1
262	-0.669528505323232	0	0	0	1
263	0.0183962613369969	1	0	0	0
264	0.100967035370242	0	0	0	1
265	1.19503234809001	2	1	0	2
266	1.01892264944946	2	0	0	1
267	0.827733695946103	0	1	0	1
268	-0.290601467014905	0	2	0	2
269	0.982337587144473	1	1	0	0
270	-0.243822277850608	0	0	0	0
271	0.230661338736608	1	2	1	1
272	0.230102425041334	1	0	1	0
273	0.630354221832871	0	0	0	0
274	0.200727760446207	0	0	0	1
275	0.767282300222746	1	0	1	1
276	-0.975307631382219	0	0	0	2
277	0.992554183134372	2	1	1	1
278	-0.0392676380747618	0	1	0	1
279	1.25024294434984	2	1	0	0
280	-0.287407527653311	0	1	0	0
281	-0.00423301704131412	1	0	0	1
282	1.03083138354408	1	1	0	1
283	-1.17019993844435	0	0	0	1
284	0.122484548688958	0	0	1	0
285	-0.516729846503552	0	1	0	1
286	-0.450316198340411	1	1	0	1
287	1.02936628197896	1	1	2	2
288	-0.567654762377106	0	1	0	1
289	-0.110970730560609	0	0	0	1
290	-0.782336787147078	0	2	0	0
291	1.03449413085791	1	1	1	1
292	0.10795058141739	0	0	2	2
293	0.668045645309608	2	1	0	2
294	0.722829612585704	1	1	0	0
295	-0.277744721521044	0	0	0	1
296	0.559675373512454	1	0	0	2
297	-0.851738047680362	0	2	0	1
298	1.81744549982102	2	0	1	1
299	0.496454151435839	0	1	0	2
300	0.0777660380583272	1	2	1	1
301	0.0188870842759959	0	2	0	1
302	-0.035668389387374	0	0	1	2
303	0.43811746054954	2	2	0	0
304	-0.197973784896543	0	0	1	2
305	-0.291289304418725	0	1	0	0
306	0.307608566330537	1	1	0	1
307	0.173946857477937	0	0	1	1
308	0.0733633564351793	0	1	1	1
309	0.684773105348192	0	1	0	1
310	0.461145181602327	1	0	0	0
311	0.681716950939646	1	2	0	0
312	0.217696926237299	0	0	2	1
313	-0.234711444106481	0	0	0	1
314	0.26433412861865	0	1	0	2
315	-0.28465148612233	0	1	1	0
316	-0.205168072907789	1	2	0	2
317	0.390276489762962	0	1	1	1
318	0.900608800760332	2	0	0	2
319	-0.160609870808647	0	0	0	1
320	0.368069496639815	2	1	0	1
321	-0.182715128412973	0	2	1	1
322	0.376495626983878	1	1	0	0
323	0.398053044767467	1	0	0	1
324	-0.282362807908312	0	2	0	1
325	-0.0595820762570901	1	1	0	1
326	-0.350153935146596	0	1	0	1
327	0.726749421047777	1	1	0	2
328	1.06077992693149	1	0	0	0
329	0.0211736209785159	1	1	0	1
330	1.12424185965248	1	1	1	0
331	0.598484813253324	0	1	0	0
332	0.860848981144828	0	0	0	0
333	-0.261834906538889	1	0	0	1
334	0.526264024159758	0	0	0	1
335	0.195350550530746	0	1	0	1
336	0.836310979289656	1	0	0	0
337	0.806991090914656	1	1	0	2
338	0.491827175570066	0	0	1	1
339	0.814417623289084	1	1	0	1
340	0.63500760367216	1	0	0	1
341	0.601856909021414	0	1	1	0
342	-1.04266395779624	0	1	0	1
343	-0.284219908793955	1	1	0	1
344	0.00605284042705857	0	0	0	1
345	0.260655002591272	0	1	0	2
346	0.296771198734328	0	1	0	1
347	0.191395156752353	0	0	0	1
348	-0.522545158788841	0	0	0	1
349	-0.0109891847638895	1	1	1	1
350	-0.393670150564695	1	2	0	0
351	-0.129779743163357	0	1	0	2
352	0.241995607887848	1	0	1	0
353	0.631170813388093	0	2	0	1
354	-0.30641513792358	0	1	0	1
355	0.757237378025265	0	1	1	1
356	1.42441365325785	1	0	1	2
357	0.624559616604235	0	1	0	1
358	-0.0258397920039389	1	2	0	0
359	-0.302068446499818	0	1	0	0
360	-0.105004569568841	1	0	0	2
361	0.945045475150351	2	1	0	1
362	-0.0695285053232315	1	1	1	1
363	-0.381603738663003	0	0	0	1
364	0.500967035370242	1	0	0	1
365	0.595032348090006	0	0	1	1
366	0.61892264944946	1	0	0	2
367	0.827733695946103	0	1	0	1
368	0.109398532985095	1	0	0	1
369	0.582337587144473	0	0	0	2
370	-0.243822277850608	0	2	0	0
371	-0.169338661263392	0	1	1	1
372	0.0301024250413343	1	2	0	1
373	1.63035422183287	2	1	1	2
374	0.200727760446207	0	1	0	1
375	0.567282300222746	1	2	0	0
376	-0.575307631382219	1	0	0	1
377	-0.00744581686562751	0	0	0	0
378	-0.0392676380747618	0	0	0	2
379	0.850242944349841	1	2	0	0
380	0.112592472346689	1	0	0	0
381	-0.404233017041314	0	1	0	1
382	0.830831383544077	0	1	1	0
383	-1.17019993844435	0	0	0	1
384	0.322484548688958	1	1	0	0
385	-0.516729846503552	0	2	0	1
386	-0.850316198340411	0	0	0	1
387	1.22936628197896	2	0	1	1
388	-0.567654762377106	0	1	0	2
389	0.289029269439391	1	1	0	1
390	-0.582336787147078	0	0	1	0
391	0.43449413085791	0	2	0	1
392	-0.0920494185826103	0	1	1	1
393	-0.131954354690392	0	1	0	0
394	0.322829612585704	0	0	0	0
395	-0.0777447215210444	0	1	1	0
396	0.159675373512454	0	1	0	1
397	-0.851738047680362	0	1	0	1
398	1.21744549982102	1	2	0	0
399	0.896454151435839	1	2	0	0
400	0.277766038058327	2	0	0	0
401	0.0188870842759959	0	1	0	0
402	-0.235668389387374	0	2	0	2
403	-0.16188253945046	0	0	1	2
404	-0.397973784896543	0	1	0	1
405	0.108710695581275	1	1	0	1
406	0.707608566330537	2	0	0	0
407	0.373946857477937	1	1	0	0
408	-0.126636643564821	0	0	0	0
409	1.08477310534819	1	0	0	1
410	0.261145181602327	0	0	1	0
411	0.681716950939646	1	2	0	0
412	-0.182303073762701	0	2	0	1
413	-0.0347114441064809	0	1	1	0
414	0.26433412861865	0	0	0	0
415	-0.0846514861223298	1	0	0	2
416	-0.60516807290779	0	1	0	1
417	0.590276489762962	1	0	0	0
418	0.100608800760332	0	1	0	1
419	-0.160609870808647	0	2	0	1
420	-0.0319305033601853	1	0	0	1
421	-0.182715128412973	0	0	1	0
422	-0.0235043730161216	0	0	0	0
423	-0.00194695523253312	0	1	0	0
424	0.117637192091688	1	1	0	0
425	-0.45958207625709	0	1	0	1
426	0.249846064853404	1	1	1	2
427	0.726749421047777	1	0	0	2
428	1.66077992693149	2	1	1	0
429	0.0211736209785159	1	1	0	1
430	0.724241859652483	0	1	1	1
431	1.19848481325332	1	0	1	0
432	1.06084898114483	0	2	1	0
433	-0.661834906538889	0	0	0	2
434	1.52626402415976	2	1	1	1
435	0.595350550530746	1	0	0	0
436	0.636310979289656	0	1	1	0
437	1.00699109091466	1	1	1	0
438	0.491827175570066	0	1	1	1
439	0.814417623289084	1	1	0	1
440	0.23500760367216	0	2	0	1
441	0.401856909021414	0	1	0	0
442	-1.04266395779624	0	1	0	1
443	-0.684219908793955	0	1	0	0
444	0.406052840427059	1	0	0	2
445	0.260655002591272	0	0	0	2
446	0.696771198734328	1	1	0	1
447	0.191395156752353	0	0	0	1
448	-0.122545158788841	1	1	0	2
449	-0.61098918476389	0	1	0	1
450	-0.593670150564695	0	1	1	2
451	0.270220256836643	1	2	0	1
452	0.041995607887848	1	1	0	2
453	0.631170813388093	0	1	0	0
454	-0.30641513792358	0	1	0	2
455	0.957237378025265	1	1	0	0
456	1.22441365325785	1	0	0	0
457	0.824559616604235	0	1	1	1
458	-0.425839792003939	0	0	0	2
459	0.0979315535001822	1	2	0	2
460	-0.505004569568841	0	1	0	1
461	0.545045475150351	1	0	0	2
462	-0.669528505323232	0	0	0	2
463	0.418396261336997	2	1	0	1
464	0.100967035370242	0	1	0	1
465	0.795032348090006	1	2	0	1
466	0.61892264944946	1	1	0	1
467	0.827733695946103	0	1	0	0
468	-0.0906014670149055	0	1	1	0
469	0.582337587144473	0	0	0	1
470	-0.243822277850608	0	2	0	1
471	-0.369338661263392	0	0	0	1
472	-0.369897574958666	0	0	0	0
473	0.630354221832871	0	0	0	1
474	0.600727760446207	1	0	0	1
475	0.967282300222746	2	1	0	1
476	-0.975307631382219	0	1	0	1
477	-0.00744581686562751	0	1	0	1
478	0.560732361925238	1	1	1	1
479	0.650242944349841	0	0	1	1
480	0.112592472346689	1	0	0	0
481	-0.204233017041314	0	1	1	1
482	1.03083138354408	1	0	0	1
483	-0.770199938444345	1	1	0	0
484	0.122484548688958	0	2	1	0
485	-0.116729846503552	1	0	0	1
486	-0.450316198340411	1	0	0	0
487	0.229366281978956	0	1	0	1
488	-0.567654762377106	0	0	0	0
489	0.689029269439391	2	1	0	2
490	-0.182336787147078	1	1	1	0
491	0.83449413085791	1	2	0	1
492	-0.29204941858261	0	0	0	0
493	0.468045645309608	1	1	1	2
494	1.1228296125857	2	1	0	1
495	-0.277744721521044	0	1	0	1
496	0.159675373512454	0	1	0	2
497	-0.851738047680362	0	2	0	1
498	0.817445499821019	0	1	0	1
499	1.09645415143584	1	0	1	0
500	-0.122233961941673	1	0	0	2
