sample	phenotype	SNP1	SNP2	SNP3	SNP4
1	-0.335998532823188	0	0	0	1
2	0.278195145210149	0	0	0	1
3	-0.145571321085526	0	0	0	1
4	0.805697986341929	0	1	0	0
5	0.840937195945821	0	2	1	1
6	1.28511062789542	1	1	1	1
7	0.786518203324937	1	0	1	0
8	1.2057784736752	0	2	1	1
9	-0.669819964121112	0	0	0	0
10	0.667689979383077	0	1	0	1
11	0.92268213598319	2	0	0	1
12	1.31000341040363	1	0	0	0
13	1.42784646081361	1	1	0	1
14	-0.135709678142816	0	0	0	0
15	-0.0450049165319214	0	0	1	0
16	-0.601788226016017	0	0	1	1
17	0.869333248583024	0	0	0	1
18	-0.0991906527262659	0	1	0	0
19	0.150491281458755	0	0	0	1
20	1.23730048113731	1	1	0	1
21	0.337706623376009	0	1	0	0
22	0.904374705068158	1	0	1	1
23	1.53496596506569	1	2	0	1
24	1.98593542898649	1	2	0	1
25	-0.00303268348332753	0	1	1	1
26	-0.543084881068647	0	0	0	0
27	0.36868492044393	0	0	1	2
28	0.598632585016015	0	0	0	2
29	0.879500656677524	0	2	0	1
30	0.780356895176316	0	0	1	2
31	0.596044624569657	0	1	0	1
32	-0.390835264466769	0	1	1	0
33	1.430816354453	1	1	2	0
34	1.23939628920118	1	0	0	1
35	0.00219024166126469	0	2	0	0
36	1.48642861026804	0	2	0	1
37	1.09417653066526	1	1	1	2
38	0.437117980992379	1	1	0	2
39	0.730176649983589	0	0	0	1
40	0.352085334014953	1	1	0	0
41	0.178455308659968	0	1	0	1
42	-0.0747879764375241	1	0	1	0
43	-0.538038464509013	0	0	1	1
44	0.0979827300517415	0	1	0	1
45	1.97143309575629	1	2	0	0
46	0.102547185761966	0	2	1	0
47	1.1010781994492	1	1	0	2
48	0.553451423095646	2	0	0	2
49	1.10162546813167	1	1	0	1
50	0.558980570652091	0	0	0	1
51	0.659471010192739	0	1	0	0
52	-0.0967106635057049	0	0	1	0
53	0.0300120854532224	0	1	1	0
54	0.523174257562912	0	0	1	2
55	1.00092538420587	1	0	0	1
56	0.223820619357429	1	0	0	1
57	0.805494986831282	0	2	0	0
58	1.94491973132057	2	1	1	1
59	2.1423341229595	1	2	0	1
60	0.848267159880748	0	0	0	1
61	0.184106301453089	0	0	0	1
62	0.802913537120416	1	0	0	1
63	0.808480673713898	0	2	0	2
64	0.935241720546842	0	2	1	2
65	0.41216061662344	0	1	1	0
66	0.426056106517996	0	1	0	1
67	0.510667972376753	0	0	0	1
68	0.469026965321743	0	0	0	2
69	-0.29348083708588	0	0	0	0
70	0.438271401652706	0	1	1	2
71	1.12537848396261	1	0	0	1
72	1.14598789339239	0	1	1	1
73	-0.180662285936488	1	1	0	0
74	-0.466735542179299	0	1	0	0
75	0.326308868925825	2	0	0	1
76	0.423809888801207	0	1	1	0
77	0.196053053129845	0	1	0	0
78	0.146518931717568	1	2	1	0
79	0.699592852985307	0	2	0	2
80	0.245183218483861	1	1	1	2
81	0.863768558956858	0	1	0	1
82	1.07288881859431	0	1	0	2
83	1.02557341483572	1	0	0	0
84	0.692120038650143	1	0	1	0
85	0.498324635820394	1	1	1	0
86	1.24900317926099	0	2	0	0
87	0.404937988794067	0	1	0	1
88	1.02094865275665	1	2	0	0
89	0.589469309213896	1	0	0	1
90	1.28879665720889	0	2	1	1
91	-0.180177654340262	0	2	0	1
92	-0.393424453303803	1	0	0	0
93	0.986805743652901	1	1	0	1
94	0.574468022779964	0	2	1	1
95	0.856955925502868	1	1	0	0
96	0.815905298687212	1	0	0	1
97	-0.028174586406424	1	0	0	1
98	0.507900190627389	0	1	1	1
99	0.888574703359175	1	1	0	1
100	0.580015391373486	1	0	0	0
101	-0.335998532823188	0	0	0	1
102	0.778195145210149	1	1	0	0
103	-0.0455713210855255	0	1	0	0
104	1.70569798634193	1	2	0	1
105	0.940937195945821	1	1	0	1
106	1.18511062789542	0	2	0	1
107	0.886518203324937	0	1	0	1
108	0.605778473675202	0	0	1	1
109	-0.669819964121112	0	0	0	0
110	0.567689979383077	1	0	1	0
111	0.12268213598319	0	0	0	1
112	1.31000341040363	0	0	1	2
113	0.527846460813609	0	0	0	0
114	0.564290321857184	0	1	0	2
115	1.15499508346808	1	2	1	1
116	-0.601788226016017	0	0	0	1
117	1.56933324858302	1	1	1	1
118	0.500809347273734	1	1	0	1
119	0.450491281458755	0	1	0	1
120	1.33730048113731	1	2	0	0
121	0.237706623376009	0	0	0	1
122	1.30437470506816	1	2	0	0
123	0.734965965065693	0	0	1	2
124	1.68593542898649	1	1	0	1
125	0.496967316516672	1	2	0	0
126	0.156915118931353	0	1	0	2
127	0.56868492044393	1	0	1	1
128	1.29863258501601	2	1	0	0
129	0.279500656677524	0	0	0	1
130	0.980356895176316	0	2	0	0
131	1.19604462456966	1	1	0	2
132	-0.690835264466769	0	0	1	0
133	1.430816354453	1	1	1	0
134	0.839396289201183	0	0	0	1
135	0.102190241661265	1	1	1	0
136	1.58642861026804	1	1	0	1
137	0.294176530665257	0	1	1	0
138	-0.662882019007621	0	0	1	0
139	1.53017664998359	1	2	0	0
140	0.352085334014953	0	1	0	2
141	-0.0215446913400316	0	1	0	0
142	-0.274787976437524	0	0	1	1
143	-0.0380384645090135	1	1	0	0
144	1.19798273005174	2	2	0	1
145	0.971433095756289	0	0	0	0
146	0.402547185761966	1	1	0	1
147	0.701078199449197	0	1	0	2
148	-0.346548576904354	0	1	0	0
149	0.501625468131665	0	1	0	0
150	0.358980570652091	0	0	0	0
151	0.559471010192739	0	0	1	1
152	0.303289336494295	1	0	0	0
153	0.230012085453222	0	1	0	1
154	0.923174257562912	1	0	0	2
155	1.10092538420587	0	1	0	2
156	0.0238206193574289	1	0	1	0
157	0.705494986831282	0	1	0	1
158	0.844919731320566	0	0	0	1
159	1.4423341229595	0	1	0	1
160	1.04826715988075	1	0	0	0
161	0.984106301453089	1	2	0	0
162	0.202913537120416	0	0	1	0
163	0.508480673713897	1	1	1	0
164	0.835241720546842	1	1	0	1
165	0.81216061662344	1	1	0	0
166	-0.0739438934820037	0	0	0	0
167	0.610667972376753	0	1	0	0
168	0.269026965321743	0	0	1	1
169	1.20651916291412	2	1	0	2
170	0.138271401652706	0	0	0	2
171	0.525378483962611	0	0	0	0
172	1.34598789339239	1	1	1	0
173	-0.180662285936488	1	1	1	0
174	-0.166735542179299	0	2	0	0
175	-0.0736911310741752	1	0	0	1
176	0.923809888801207	1	0	0	2
177	0.496053053129845	1	0	0	1
178	-0.553481068282432	0	1	0	0
179	0.399592852985307	1	1	0	0
180	-0.854816781516139	0	0	0	0
181	1.06376855895686	1	1	0	0
182	0.572888818594313	0	0	1	1
183	1.12557341483572	0	1	0	1
184	0.792120038650143	0	1	0	1
185	0.398324635820394	0	2	1	0
186	1.54900317926099	1	1	0	1
187	0.204937988794067	0	1	0	0
188	0.82094865275665	0	2	0	1
189	0.289469309213896	0	1	0	0
190	0.688796657208893	0	0	0	1
191	-0.780177654340262	0	0	0	1
192	-0.0934244533038036	1	1	0	0
193	1.2868057436529	1	2	0	1
194	0.274468022779964	0	1	1	1
195	0.356955925502868	0	0	1	1
196	0.815905298687212	1	0	1	1
197	0.371825413593576	1	2	0	0
198	0.507900190627389	0	1	1	1
199	0.688574703359175	0	1	1	2
200	0.480015391373486	0	1	0	0
201	-0.0359985328231877	0	1	0	1
202	0.678195145210149	0	2	1	0
203	-0.345571321085526	0	0	0	0
204	1.90569798634193	1	2	0	2
205	0.340937195945821	0	1	0	0
206	1.08511062789542	1	1	0	0
207	0.686518203324937	0	1	0	0
208	1.3057784736752	1	1	0	1
209	-0.169819964121112	0	1	0	1
210	0.767689979383077	1	0	0	1
211	0.82268213598319	1	1	0	1
212	1.41000341040363	0	1	0	1
213	1.22784646081361	0	1	1	2
214	0.364290321857184	0	1	0	1
215	1.15499508346808	1	2	0	1
216	-0.301788226016018	0	1	0	1
217	1.36933324858302	1	1	0	0
218	0.200809347273734	1	0	1	1
219	0.950491281458755	2	0	0	1
220	0.837300481137309	0	1	0	1
221	0.537706623376009	0	1	1	1
222	1.70437470506816	1	2	0	2
223	0.734965965065693	1	0	0	0
224	0.785935428986491	0	0	0	0
225	0.796967316516673	2	1	0	1
226	-0.343084881068647	0	0	1	1
227	0.66868492044393	1	1	0	0
228	1.09863258501601	1	1	0	1
229	0.379500656677524	0	1	0	0
230	1.18035689517632	0	2	1	1
231	0.596044624569657	0	1	0	1
232	-0.690835264466769	0	0	0	0
233	0.930816354452996	0	0	0	1
234	1.43939628920118	2	0	0	0
235	-0.197809758338735	1	0	1	0
236	1.18642861026804	0	1	1	1
237	0.494176530665257	0	1	1	1
238	-0.662882019007621	0	0	0	0
239	1.33017664998359	0	2	0	1
240	-0.147914665985047	0	0	1	1
241	0.278455308659968	0	2	0	0
242	0.0252120235624759	0	1	0	1
243	0.261961535490987	1	2	0	0
244	0.197982730051742	1	0	0	1
245	1.47143309575629	0	1	0	1
246	0.402547185761966	1	1	0	1
247	0.801078199449198	1	0	0	2
248	-0.0465485769043541	1	0	0	1
249	0.701625468131665	0	1	0	1
250	0.858980570652091	0	1	0	1
251	1.65947101019274	2	1	0	1
252	0.803289336494295	1	1	0	1
253	0.330012085453222	1	0	0	1
254	1.22317425756291	2	1	1	0
255	0.800925384205866	0	0	0	2
256	-0.0761793806425712	0	1	0	0
257	0.205494986831282	0	0	0	0
258	2.14491973132057	2	1	0	2
259	1.6423341229595	1	1	0	0
260	1.54826715988075	1	1	0	1
261	0.184106301453089	0	0	1	1
262	0.802913537120416	1	0	0	1
263	0.808480673713898	1	2	0	0
264	-0.0647582794531578	0	0	0	0
265	0.81216061662344	0	1	0	2
266	0.726056106517996	0	2	0	1
267	1.21066797237675	1	1	0	1
268	0.869026965321743	0	2	0	1
269	0.10651916291412	1	0	0	0
270	0.0382714016527063	0	1	1	0
271	0.825378483962611	0	1	0	0
272	1.24598789339239	0	2	1	0
273	0.319337714063512	1	2	1	1
274	-0.266735542179299	0	1	0	1
275	-0.373691131074175	0	1	1	0
276	0.623809888801207	0	1	0	1
277	0.196053053129845	0	1	0	0
278	0.046518931717568	1	1	0	1
279	-0.100407147014693	0	0	0	1
280	-0.354816781516139	0	1	0	1
281	1.26376855895686	1	1	0	1
282	1.27288881859431	1	1	1	1
283	1.32557341483572	0	1	1	2
284	0.592120038650143	0	1	0	0
285	-0.201675364179606	0	0	1	0
286	1.04900317926099	0	0	0	2
287	0.404937988794067	0	1	1	1
288	0.32094865275665	0	1	1	0
289	0.489469309213896	0	1	0	1
290	1.18879665720889	1	1	0	0
291	-0.480177654340262	0	1	0	1
292	-0.593424453303804	0	0	1	1
293	0.0868057436529008	0	0	1	0
294	0.274468022779964	0	1	0	1
295	0.356955925502868	0	0	0	1
296	0.415905298687212	0	0	0	1
297	0.271825413593576	1	1	0	1
298	0.207900190627389	0	0	0	1
299	0.288574703359175	0	1	0	0
300	0.580015391373486	0	0	0	2
301	-0.535998532823188	0	0	0	0
302	1.07819514521015	0	2	0	2
303	0.454428678914475	1	0	1	2
304	0.805697986341929	0	1	0	0
305	1.44093719594582	1	2	1	2
306	0.98511062789542	1	0	0	1
307	1.08651820332494	0	1	1	2
308	1.0057784736752	1	0	1	1
309	-0.469819964121112	0	0	2	1
310	0.767689979383077	1	0	0	1
311	-0.0773178640168096	0	0	1	0
312	1.51000341040363	1	0	0	1
313	0.727846460813609	0	0	0	1
314	0.964290321857184	1	1	0	2
315	0.654995083468079	0	1	0	2
316	-0.501788226016018	0	1	0	0
317	1.16933324858302	0	1	0	1
318	0.800809347273734	1	2	0	1
319	0.750491281458755	0	2	0	1
320	1.23730048113731	1	1	0	1
321	1.23770662337601	1	2	0	1
322	1.30437470506816	1	2	1	0
323	0.534965965065693	0	0	0	1
324	1.68593542898649	1	1	0	1
325	0.0969673165166726	1	0	0	1
326	-0.543084881068647	0	0	0	0
327	-0.0313150795560698	0	0	1	0
328	0.998632585016015	0	2	0	1
329	0.479500656677524	1	0	0	0
330	0.580356895176317	0	0	0	1
331	0.396044624569657	0	1	0	0
332	0.00916473553323138	1	1	0	0
333	1.130816354453	1	0	1	0
334	0.939396289201183	0	1	0	0
335	-0.297809758338735	0	1	1	0
336	0.886428610268044	0	0	0	1
337	0.994176530665257	1	2	0	0
338	0.237117980992379	1	1	0	1
339	1.43017664998359	1	1	0	1
340	0.852085334014953	1	2	0	1
341	0.878455308659968	1	2	0	1
342	0.325212023562476	0	2	0	1
343	-0.0380384645090135	1	1	1	0
344	0.0979827300517415	0	1	0	1
345	1.37143309575629	1	0	0	0
346	-0.497452814238034	0	0	0	0
347	0.801078199449198	1	0	0	2
348	-0.346548576904354	0	1	0	0
349	0.801625468131665	0	2	0	0
350	1.85898057065209	2	1	0	2
351	0.359471010192739	0	0	1	0
352	-0.0967106635057049	0	0	0	0
353	0.0300120854532224	0	1	0	0
354	0.423174257562912	0	1	0	0
355	1.00092538420587	0	2	0	0
356	0.123820619357429	0	1	0	1
357	0.905494986831282	1	1	0	0
358	1.14491973132057	0	1	0	1
359	1.8423341229595	1	1	0	1
360	1.74826715988075	1	1	0	2
361	0.284106301453089	0	1	0	0
362	0.702913537120416	0	1	0	1
363	0.608480673713898	1	0	1	2
364	0.435241720546842	0	1	0	1
365	0.11216061662344	0	0	0	0
366	0.826056106517996	1	1	0	1
367	1.11066797237675	0	2	0	1
368	1.26902696532174	2	0	0	2
369	0.40651916291412	0	1	1	2
370	0.238271401652706	0	1	0	1
371	0.925378483962611	1	0	0	0
372	1.84598789339239	2	0	1	2
373	-0.380662285936488	0	1	1	1
374	0.133264457820701	1	1	0	1
375	-0.0736911310741752	1	0	0	1
376	0.423809888801207	0	1	0	0
377	0.0960530531298448	0	0	0	1
378	-0.353481068282432	0	1	1	1
379	0.199592852985307	0	1	0	1
380	-0.554816781516139	0	1	0	0
381	1.06376855895686	0	1	1	2
382	1.47288881859431	1	1	0	2
383	0.825573414835722	0	0	0	1
384	1.59212003865014	2	1	0	1
385	-0.201675364179606	0	0	0	0
386	1.14900317926099	0	1	0	1
387	-0.0950620112059329	0	0	2	0
388	0.72094865275665	0	1	0	2
389	0.489469309213896	0	1	1	1
390	0.688796657208893	0	0	0	1
391	-0.280177654340262	0	1	0	2
392	-0.0934244533038036	1	1	0	0
393	0.386805743652901	0	1	0	0
394	0.174468022779964	1	0	0	0
395	0.956955925502868	0	2	0	1
396	0.715905298687212	0	1	0	1
397	0.571825413593576	1	2	1	1
398	1.10790019062739	1	1	0	2
399	0.388574703359175	0	0	0	2
400	0.380015391373486	0	0	0	1
401	-0.235998532823188	0	1	1	0
402	0.578195145210149	0	1	1	1
403	0.554428678914474	1	1	1	1
404	0.705697986341929	0	0	0	1
405	0.540937195945821	0	1	1	1
406	1.18511062789542	2	0	0	0
407	1.48651820332494	1	1	1	2
408	1.3057784736752	1	1	1	1
409	0.730180035878888	1	2	0	2
410	0.167689979383077	0	0	0	0
411	0.62268213598319	1	1	0	0
412	0.910003410403629	0	0	1	0
413	1.52784646081361	1	2	0	0
414	0.0642903218571838	0	0	0	1
415	0.654995083468079	0	1	0	2
416	-0.101788226016018	0	1	0	2
417	0.969333248583024	0	1	0	0
418	0.000809347273734162	1	0	1	0
419	0.750491281458755	1	0	0	2
420	0.937300481137309	1	0	2	1
421	0.0377066233760088	0	0	0	0
422	1.00437470506816	0	1	0	2
423	1.03496596506569	1	1	0	0
424	0.785935428986491	0	0	1	0
425	0.196967316516672	0	1	0	2
426	-0.343084881068647	0	0	0	1
427	0.56868492044393	1	0	0	1
428	0.598632585016015	1	0	0	0
429	0.779500656677524	1	1	1	0
430	0.680356895176316	0	1	0	0
431	1.19604462456966	1	1	0	2
432	-0.690835264466769	0	0	0	0
433	1.830816354453	2	1	0	0
434	0.839396289201183	0	0	0	1
435	0.702190241661265	2	1	0	1
436	1.28642861026804	1	0	0	1
437	0.894176530665257	1	1	0	1
438	0.137117980992379	2	0	1	0
439	0.730176649983589	0	0	0	1
440	0.752085334014953	1	1	0	2
441	0.578455308659968	1	1	1	1
442	0.325212023562476	1	0	0	2
443	-0.0380384645090135	0	1	2	2
444	0.697982730051742	2	1	0	0
445	2.27143309575629	2	1	0	1
446	0.602547185761966	2	1	0	0
447	1.2010781994492	1	2	0	1
448	-0.146548576904354	0	1	0	1
449	0.701625468131665	0	1	0	1
450	1.35898057065209	0	2	0	2
451	0.559471010192739	0	0	0	1
452	-0.0967106635057049	0	0	0	0
453	0.630012085453222	1	1	0	1
454	0.823174257562912	1	1	0	0
455	1.00092538420587	0	2	0	0
456	-0.0761793806425712	0	1	0	0
457	0.905494986831282	1	1	0	0
458	0.844919731320566	0	0	0	1
459	1.2423341229595	0	1	0	0
460	1.04826715988075	0	0	0	2
461	0.884106301453089	1	1	1	1
462	0.802913537120416	1	0	0	1
463	0.408480673713898	0	2	1	0
464	0.635241720546842	0	1	1	2
465	0.81216061662344	1	1	0	0
466	0.826056106517996	1	1	0	1
467	0.810667972376752	0	1	1	1
468	0.669026965321743	1	0	0	1
469	0.10651916291412	1	0	0	0
470	-0.261728598347294	0	0	0	0
471	1.02537848396261	0	1	0	1
472	1.24598789339239	1	0	0	1
473	-0.280662285936488	0	2	1	0
474	-0.0667355421792993	1	1	1	0
475	-0.373691131074175	0	1	0	0
476	0.423809888801207	0	1	1	0
477	0.796053053129845	1	1	0	1
478	0.146518931717568	2	0	0	1
479	0.199592852985307	0	1	0	1
480	-0.054816781516139	0	2	0	1
481	0.563768558956858	0	0	1	1
482	1.07288881859431	0	1	0	2
483	0.825573414835722	0	0	1	1
484	0.292120038650143	0	0	0	0
485	-0.201675364179606	0	0	0	0
486	0.649003179260992	0	0	2	0
487	0.304937988794067	1	0	0	0
488	0.52094865275665	0	1	0	1
489	0.189469309213896	0	0	0	1
490	1.38879665720889	1	1	0	1
491	-0.280177654340262	1	1	0	0
492	-0.593424453303804	0	0	0	1
493	0.386805743652901	0	1	0	0
494	0.674468022779964	1	1	1	1
495	0.156955925502868	0	0	0	0
496	1.01590529868721	0	2	0	1
497	0.0718254135935759	0	1	0	2
498	0.307900190627389	0	1	0	0
499	0.688574703359175	0	1	0	2
500	1.18001539137349	0	2	0	2
