No	GenomicLocus	uniqID	rsID	chr	pos	p	nSNPs	nGWASSNPs
1	1	1:31492150:C:G	rs4642942	1	31492150	2.66763e-10	53	53
2	2	1:34731984:C:G	rs915416	1	34731984	2.53231e-08	32	32
3	3	1:71703970:A:G	rs6681755	1	71703970	2.2088e-09	51	51
4	4	1:79182694:A:G	rs12731287	1	79182694	2.47491e-09	1	1
5	5	1:98527951:A:G	rs12567114	1	98527951	2.71129e-09	8	8
6	6	2:40382712:C:T	rs374153	2	40382712	9.35194e-09	36	36
7	7	2:57931347:C:T	rs35577149	2	57931347	2.27097e-08	15	15
8	7	2:57936964:A:C	rs17227629	2	57936964	1.84816e-08	7	7
9	7	2:57987593:C:T	rs11682175	2	57987593	5.08256e-13	14	14
10	7	2:57997136:C:G	rs10496079	2	57997136	1.43554e-14	210	210
11	7	2:58210522:A:C	rs6717480	2	58210522	4.3895e-09	56	56
12	7	2:58260076:C:G	rs116380454	2	58260076	1.02516e-08	8	8
13	7	2:58344792:C:T	rs13018289	2	58344792	2.81861e-14	24	24
14	7	2:58494072:C:T	rs62141880	2	58494072	4.22311e-10	19	19
15	7	2:58882765:A:T	rs17190618	2	58882765	6.88041e-12	99	99
16	7	2:58933235:A:G	rs74889896	2	58933235	2.62864e-11	3	3
17	7	2:58986041:G:T	rs10176091	2	58986041	7.64827e-09	9	9
18	7	2:58989880:A:G	rs77217059	2	58989880	5.39232e-09	4	4
19	8	2:113960305:A:G	rs9098	2	113960305	8.0919e-10	4	4
20	8	2:114065857:A:G	rs6711037	2	114065857	2.57198e-10	1	1
21	8	2:114083363:C:T	rs1191695	2	114083363	1.64613e-08	5	5
22	8	2:114084596:C:T	rs62158206	2	114084596	1.3338e-39	22	22
23	8	2:114099346:C:T	rs2121243	2	114099346	2.15333e-20	3	3
24	8	2:114113544:A:C	rs144938821	2	114113544	6.02272e-13	1	1
25	8	2:114115374:C:T	rs6713750	2	114115374	1.58914e-15	22	22
26	9	2:144496866:G:T	rs80071665	2	144496866	1.74607e-08	1	1
27	9	2:144586541:A:C	rs79259656	2	144586541	4.12715e-08	3	3
28	10	2:166941420:A:G	rs34268282	2	166941420	5.80148e-09	103	103
29	10	2:166994996:A:G	rs4667876	2	166994996	2.88987e-09	7	7
30	10	2:167010625:A:G	rs71426800	2	167010625	9.45251e-09	1	1
31	11	2:225475560:C:T	rs56337305	2	225475560	2.57857e-08	4	4
32	12	3:74961196:C:T	rs9810474	3	74961196	8.7411e-09	396	396
33	13	3:135874294:C:G	rs113021516	3	135874294	2.79463e-08	145	145
34	14	4:92579338:C:T	rs12501164	4	92579338	2.05408e-08	105	105
35	15	4:102896591:G:T	rs13109404	4	102896591	8.10762e-09	12	12
36	15	4:103188709:C:T	rs13107325	4	103188709	9.34341e-10	7	7
37	16	5:1416142:A:C	rs40358	5	1416142	4.07649e-08	4	4
38	16	5:1417354:A:G	rs37021	5	1417354	2.85623e-08	11	11
39	17	5:102313939:A:G	rs6889592	5	102313939	3.22622e-08	375	375
40	18	5:135615615:C:T	rs180769	5	135615615	7.48811e-09	36	36
41	19	6:26756924:C:T	rs4713036	6	26756924	6.36751e-09	16	16
42	19	6:26812186:A:G	rs142762132	6	26812186	4.00987e-08	14	14
43	19	6:27024558:A:G	rs9467978	6	27024558	1.96953e-08	68	68
44	19	6:27032711:G:T	rs36048693	6	27032711	1.17239e-08	24	24
45	19	6:27034181:A:G	rs7764984	6	27034181	8.84385e-11	77	77
46	20	6:28584775:A:G	rs34556183	6	28584775	1.20046e-09	42	42
47	21	6:130640112:A:G	rs4897409	6	130640112	4.50308e-08	308	308
48	22	7:2107262:A:C	rs62444917	7	2107262	1.77961e-08	63	63
49	23	7:113872935:G:T	rs1668331	7	113872935	1.85058e-08	61	61
50	23	7:114040103:A:G	rs35624276	7	114040103	7.81688e-10	55	55
51	23	7:114072443:A:G	rs10255943	7	114072443	7.61586e-10	4	4
52	23	7:114110568:C:T	rs4727799	7	114110568	1.21563e-10	38	38
53	23	7:114291435:A:G	rs10953765	7	114291435	3.16312e-10	48	48
54	23	7:114343602:C:T	rs4730640	7	114343602	1.69307e-11	18	18
55	24	7:132568255:C:T	rs11982852	7	132568255	1.43093e-09	111	111
56	25	8:8729761:C:G	rs907183	8	8729761	3.87347e-08	136	136
57	25	8:8790059:A:T	rs448231	8	8790059	1.6222e-09	31	31
58	25	8:9149746:C:T	rs330088	8	9149746	1.79172e-09	12	12
59	25	8:9267117:C:T	rs9693857	8	9267117	3.50957e-08	2	2
60	25	8:9737663:C:T	rs35241117	8	9737663	1.85441e-08	6	6
61	25	8:9890179:C:G	rs4526366	8	9890179	2.68545e-09	48	48
62	25	8:10280228:A:G	rs7831557	8	10280228	2.35592e-09	81	81
63	25	8:10716028:A:G	rs2292369	8	10716028	2.42582e-09	22	22
64	25	8:10733284:C:T	rs33999521	8	10733284	4.23518e-08	19	19
65	25	8:11450422:A:G	rs2244648	8	11450422	1.96143e-08	247	247
66	26	8:14060081:A:C	rs2059675	8	14060081	7.84552e-09	304	304
67	26	8:14256748:C:T	rs1037936	8	14256748	1.97038e-08	245	245
68	26	8:14499052:C:T	rs1397290	8	14499052	1.67814e-08	91	91
69	27	8:73890425:A:G	rs4588900	8	73890425	2.84394e-08	33	33
70	28	9:4120648:A:G	rs1570203	9	4120648	1.90409e-10	37	37
71	29	9:37100525:G:T	rs10973207	9	37100525	2.86652e-08	93	93
72	30	10:125060948:A:G	rs10510128	10	125060948	9.1663e-10	15	15
73	31	11:28741136:A:C	rs10835395	11	28741136	6.40949e-09	6	6
74	31	11:28756421:C:G	rs925872	11	28756421	1.45545e-09	196	196
75	31	11:28808617:G:T	rs1607227	11	28808617	1.76477e-08	4	4
76	32	11:43800474:A:G	rs4592416	11	43800474	4.5894e-08	74	74
77	32	11:43878534:A:C	rs35186585	11	43878534	1.55179e-08	76	76
78	33	11:101520884:G:T	rs61916239	11	101520884	4.26378e-08	83	82
79	34	11:113291343:G:T	rs2734835	11	113291343	1.13785e-08	56	56
80	34	11:113408518:A:C	rs7115226	11	113408518	4.49298e-09	2	2
81	34	11:113410065:A:G	rs7942123	11	113410065	1.56798e-08	7	7
82	35	12:117951150:A:G	rs4767550	12	117951150	3.71737e-08	25	25
83	36	14:78495761:C:T	rs11621908	14	78495761	3.23455e-08	5	5
84	37	15:47989799:A:G	rs8038326	15	47989799	5.66295e-10	21	21
85	37	15:48027204:A:C	rs17388803	15	48027204	2.56228e-09	16	16
86	37	15:48034025:C:T	rs8029928	15	48034025	2.57976e-10	46	46
87	38	16:6474354:C:T	rs6500784	16	6474354	1.11502e-10	41	41
88	38	16:6518289:A:G	rs3095264	16	6518289	2.83384e-09	25	25
89	38	16:6539047:C:T	rs78322108	16	6539047	2.6851e-09	2	2
90	38	16:6550400:A:C	rs3095508	16	6550400	2.36899e-08	53	53
91	39	16:23909538:C:G	rs11643715	16	23909538	3.0106e-08	19	19
92	40	16:53818167:C:T	rs9933509	16	53818167	6.47961e-09	98	97
93	40	16:53818708:G:T	rs3751813	16	53818708	9.03549e-10	26	26
94	41	16:56146458:C:T	rs8064103	16	56146458	3.39292e-09	139	139
95	42	16:61520904:A:G	rs17822558	16	61520904	2.50531e-08	90	90
96	43	17:8076741:A:G	rs72479723	17	8076741	1.64141e-08	65	65
97	44	17:11231513:A:G	rs11650677	17	11231513	5.84889e-09	26	26
98	45	17:45539117:C:T	rs9895274	17	45539117	3.87321e-08	197	197
99	46	19:9942810:C:T	rs11672103	19	9942810	7.71754e-10	30	30
